time_stamp	px_state	py_state	v_state	yaw_angle_state	yaw_rate_state	sensor_type	NIS	px_measured	py_measured	px_ground_truth	py_ground_truth	vx_ground_truth	vy_ground_truth
1477010443000000	0.312243	0.58034	0	0	0	lidar	2.31366e-314	0.312243	0.58034	0.6	0.6	5.19994	0
1477010443050000	0.862916	0.534212	0	0	0	radar	1.39069e-309	0.862916	0.534212	0.859997	0.600045	5.19975	0.00179686
1477010443100000	1.06768	0.494021	0.481291	-1.73472e-17	-2.77556e-17	lidar	4.12264	1.17385	0.481073	1.11998	0.600225	5.19943	0.00538996
1477010443150000	1.01795	0.267159	4.71926	-2.6298e-17	-5.132e-17	radar	25.2083	0.969149	0.397513	1.37996	0.600629	5.19898	0.0107781
1477010443200000	1.42564	0.556027	1.60993	0.0854474	0.0158124	lidar	5.93635	1.65063	0.62469	1.6399	0.601347	5.19839	0.0179597
1477010443250000	1.5723	0.43175	4.80005	0.517303	0.0999506	radar	1.11794	1.62331	0.499091	1.89982	0.60247	5.19766	0.0269323
1477010443300000	1.94195	0.612313	3.0131	0.176383	0.0380301	lidar	7.46328	2.18882	0.648739	2.1597	0.604086	5.19678	0.0376932
1477010443350000	2.02949	0.559019	5.09044	0.170446	-0.122709	radar	1.32545	1.96701	0.557117	2.41954	0.606284	5.19573	0.0502389
1477010443400000	2.45948	0.646942	3.93457	0.0527049	-0.00893164	lidar	4.59503	2.65526	0.66598	2.67932	0.609155	5.1945	0.0645654
1477010443450000	2.62212	0.6113	5.23061	0.0876264	-0.173998	radar	1.81538	2.92034	0.645898	2.93904	0.612786	5.19309	0.080668
1477010443500000	2.91658	0.637706	4.28728	-0.00878537	-0.0384222	lidar	0.913162	3.01222	0.637046	3.19869	0.617267	5.19147	0.0985415
1477010443550000	3.22245	0.522723	5.32896	-0.106215	-0.658573	radar	3.29321	3.56096	0.485311	3.45825	0.622685	5.18963	0.11818
1477010443600000	3.61615	0.394356	5.15644	-0.320235	-0.367032	lidar	8.20307	3.89365	0.311793	3.71772	0.62913	5.18754	0.139576
1477010443650000	3.83555	0.590088	5.42582	8.65314e-06	-0.0586072	radar	3.0755	4.19786	0.698311	3.97708	0.636689	5.18519	0.162724
1477010443700000	4.2113	0.481349	5.38438	-0.0588429	0.244113	lidar	2.48114	4.30935	0.578564	4.23632	0.645449	5.18256	0.187614
1477010443750000	4.39414	0.630204	5.33589	0.0316677	0.04176	radar	0.943966	4.61908	0.68951	4.49542	0.655498	5.17962	0.214238
1477010443800000	4.56718	0.753519	4.81296	0.260871	0.937632	lidar	6.54105	4.35143	0.899174	4.75437	0.666921	5.17634	0.242587
1477010443850000	4.93622	0.639177	5.16276	0.0194755	-0.00462692	radar	1.91789	5.20901	0.66599	5.01315	0.679804	5.1727	0.272649
1477010443900000	5.24699	0.719843	5.39438	0.133386	0.369518	lidar	6.87748	5.51894	0.648233	5.27175	0.694234	5.16867	0.304413
1477010443950000	5.43631	0.659337	5.30828	0.0356021	0.0375955	radar	1.25852	5.22834	0.639362	5.53013	0.710295	5.16422	0.337868
1477010444000000	5.88258	0.729474	5.6646	0.085024	0.168836	lidar	1.65377	6.022	0.708619	5.78828	0.728072	5.15932	0.372999
1477010444050000	5.94776	0.514415	5.17153	-0.0925717	-0.227561	radar	2.08329	5.89392	0.373584	6.04618	0.747647	5.15393	0.409793
1477010444100000	6.39203	0.894794	5.58593	0.206705	0.386169	lidar	0.609884	6.34249	0.948833	6.30379	0.769103	5.14803	0.448233
1477010444150000	6.46376	0.635013	5.10626	0.00911791	-0.00372098	radar	2.08019	6.62134	0.836138	6.5611	0.792523	5.14157	0.488305
1477010444200000	6.87892	0.832996	5.37454	0.102481	0.111856	lidar	2.24397	6.78214	0.714036	6.81808	0.817988	5.13452	0.52999
1477010444250000	6.98153	0.626308	4.93995	-0.00309543	-0.0276749	radar	2.10501	7.29121	0.630741	7.07469	0.845578	5.12685	0.573269
1477010444300000	7.29492	0.936839	5.10709	0.159733	0.196701	lidar	1.95558	7.13735	0.957217	7.3309	0.875373	5.11851	0.618123
1477010444350000	7.56738	0.691142	5.23973	0.0385876	0.0571327	radar	5.55987	8.08349	0.819605	7.58668	0.907449	5.10946	0.664531
1477010444400000	7.80529	0.851933	5.06547	0.0531312	-0.0308699	lidar	1.79027	7.80533	0.719126	7.84199	0.941886	5.09966	0.712469
1477010444450000	8.08788	0.775475	5.04159	0.0825721	0.117125	radar	2.58123	8.40453	0.884557	8.0968	0.978759	5.08907	0.761915
1477010444500000	8.28375	0.858274	4.99982	0.0374868	-0.0537625	lidar	0.124414	8.24796	0.840322	8.35106	1.01814	5.07766	0.812843
1477010444550000	8.59353	1.05973	5.299	0.239641	0.349304	radar	5.44447	8.45858	1.41118	8.60472	1.06011	5.06537	0.865226
1477010444600000	8.76487	0.967719	4.98071	0.0999342	0.0674897	lidar	0.649643	8.74615	1.04858	8.85775	1.10473	5.05216	0.919037
1477010444650000	9.18586	1.14691	5.35855	0.240429	0.29287	radar	5.97561	9.8809	1.1419	9.1101	1.15208	5.03798	0.974245
1477010444700000	9.25607	1.03468	4.9826	0.118351	0.0884443	lidar	0.0195308	9.25579	1.04913	9.36172	1.20223	5.0228	1.03082
1477010444750000	9.73515	1.35512	5.4273	0.307806	0.349645	radar	2.07672	10.1016	1.52474	9.61255	1.25524	5.00656	1.08873
1477010444800000	9.86465	1.27465	5.32889	0.249208	0.306941	lidar	5.13137	10.0484	1.44598	9.86254	1.31118	4.98922	1.14794
1477010444850000	10.2335	1.61113	5.26531	0.403513	0.467544	radar	2.48737	10.5377	1.72555	10.1117	1.37011	4.97074	1.20841
1477010444900000	10.323	1.44027	5.20884	0.305913	0.355901	lidar	0.452052	10.2492	1.45907	10.3598	1.4321	4.95106	1.2701
1477010444950000	10.7004	1.80518	5.07517	0.458835	0.516641	radar	1.72529	10.9084	1.70343	10.6069	1.49721	4.93014	1.33298
1477010445000000	10.7845	1.52782	5.09007	0.292582	0.26909	lidar	0.702453	10.7313	1.45265	10.853	1.56549	4.90794	1.39701
1477010445050000	11.2377	1.78869	5.10735	0.353976	0.261983	radar	3.28435	11.4783	1.42876	11.0979	1.637	4.8844	1.46213
1477010445100000	11.4004	1.63584	5.39088	0.263501	0.163964	lidar	2.71949	11.587	1.61462	11.3416	1.71179	4.85948	1.52832
1477010445150000	11.7017	1.82643	4.98742	0.307936	0.16055	radar	1.6928	11.4763	1.53917	11.584	1.78992	4.83313	1.59551
1477010445200000	11.8607	1.76659	5.24498	0.281353	0.167144	lidar	0.530915	11.7788	1.74591	11.8251	1.87144	4.80531	1.66366
1477010445250000	12.1824	2.05461	5.21023	0.354413	0.189375	radar	1.12878	12.136	2.14937	12.0647	1.95639	4.77598	1.73273
1477010445300000	12.349	1.84798	5.16969	0.25417	0.0869341	lidar	0.421655	12.3226	1.78353	12.3029	2.04482	4.74508	1.80265
1477010445350000	12.6916	2.07165	5.25465	0.275587	0.0329905	radar	1.65748	12.5457	1.77728	12.5394	2.13677	4.71257	1.87338
1477010445400000	12.7353	2.08859	4.97398	0.358151	0.261148	lidar	2.35946	12.5924	2.17509	12.7743	2.23227	4.67842	1.94485
1477010445450000	13.1891	2.38472	5.45354	0.362449	0.143873	radar	1.28539	13.2198	2.6644	13.0075	2.33137	4.64258	2.01701
1477010445500000	13.1463	2.34212	4.91281	0.445943	0.374268	lidar	0.685182	13.0875	2.40708	13.2388	2.43409	4.605	2.08981
1477010445550000	13.505	2.88272	5.17466	0.572996	0.46184	radar	11.2746	12.7087	3.12439	13.4682	2.54047	4.56565	2.16317
1477010445600000	13.6856	2.58289	5.1797	0.470963	0.34798	lidar	1.81331	13.836	2.62479	13.6955	2.65053	4.52448	2.23703
1477010445650000	13.948	3.01791	5.12122	0.540983	0.352982	radar	0.943258	13.8302	2.73893	13.9208	2.7643	4.48147	2.31134
1477010445700000	14.1642	2.88015	5.29645	0.535702	0.401099	lidar	0.4699	14.2106	2.94205	14.1439	2.88179	4.43656	2.38601
1477010445750000	14.455	3.1165	5.22076	0.465318	0.168301	radar	1.87127	14.5568	2.87021	14.3646	3.00303	4.38974	2.46099
1477010445800000	14.5603	3.0399	5.03984	0.517181	0.297741	lidar	2.1295	14.4616	2.90734	14.583	3.12802	4.34097	2.5362
1477010445850000	14.8676	3.56207	5.4119	0.572211	0.267532	radar	1.63279	14.6754	3.96041	14.7989	3.25679	4.29021	2.61157
1477010445900000	14.9953	3.39766	5.17825	0.611335	0.413542	lidar	1.07873	15.0261	3.5067	15.0122	3.38932	4.23744	2.68703
1477010445950000	15.2714	3.97717	5.36204	0.67628	0.404981	radar	0.944269	15.3685	4.14761	15.2228	3.52563	4.18263	2.76249
1477010446000000	15.4525	3.75789	5.34769	0.671229	0.445316	lidar	0.764338	15.5236	3.82936	15.4306	3.66572	4.12575	2.83789
1477010446050000	15.7363	4.04168	5.1691	0.599347	0.270129	radar	2.62065	15.7234	3.4105	15.6355	3.80957	4.06678	2.91315
1477010446100000	15.9187	4.04318	5.3871	0.660554	0.343746	lidar	0.485741	15.9774	4.00094	15.8375	3.95719	4.00571	2.98817
1477010446150000	16.1546	4.2958	5.0051	0.626749	0.309218	radar	1.08118	16.3376	4.21632	16.0363	4.10854	3.94251	3.0629
1477010446200000	16.3293	4.41125	5.42525	0.715877	0.381826	lidar	0.0990098	16.3313	4.44499	16.2319	4.26363	3.87716	3.13723
1477010446250000	16.5897	4.542	5.04133	0.621263	0.247628	radar	0.467008	16.7586	4.48231	16.4242	4.42242	3.80966	3.21109
1477010446300000	16.6787	4.73298	5.26043	0.75448	0.384213	lidar	0.678444	16.6039	4.67344	16.613	4.5849	3.74	3.28438
1477010446350000	16.9117	4.94483	4.8327	0.740737	0.443982	radar	3.03933	16.9236	5.10119	16.7983	4.75103	3.66817	3.35704
1477010446400000	17.0193	5.15523	5.29434	0.83822	0.467348	lidar	0.340043	16.9955	5.21099	16.9799	4.92077	3.59416	3.42897
1477010446450000	17.305	5.08828	4.70473	0.703024	0.347045	radar	1.03064	17.3421	4.64623	17.1579	5.09409	3.51797	3.50008
1477010446500000	17.3357	5.50362	5.15477	0.872317	0.445948	lidar	0.50942	17.2894	5.43542	17.3319	5.27094	3.4396	3.57028
1477010446550000	17.6801	5.22107	4.52218	0.675177	0.29329	radar	1.34532	17.6463	4.74597	17.5019	5.45128	3.35907	3.63949
1477010446600000	17.7334	5.76794	5.03062	0.811683	0.25359	lidar	2.06874	17.7853	5.62476	17.6679	5.63506	3.27637	3.70762
1477010446650000	17.9633	5.67022	4.55853	0.787782	0.411565	radar	1.02541	17.9216	6.07151	17.8297	5.82221	3.19151	3.77458
1477010446700000	18.0955	6.14765	5.09464	0.83127	0.242722	lidar	0.108162	18.1263	6.16985	17.9872	6.01269	3.10453	3.84027
1477010446750000	18.2299	6.19198	4.77162	0.887165	0.43783	radar	1.80572	18.1245	6.79027	18.1402	6.20641	3.01542	3.90462
1477010446800000	18.3233	6.60052	5.05163	0.949844	0.415589	lidar	1.39054	18.2164	6.66138	18.2888	6.40332	2.92421	3.96753
1477010446850000	18.4772	6.68538	4.87283	0.976357	0.478141	radar	0.482016	18.4022	7.02231	18.4328	6.60333	2.83093	4.0289
1477010446900000	18.591	6.90405	4.80501	0.949525	0.341676	lidar	1.76707	18.5422	6.76013	18.572	6.80638	2.7356	4.08867
1477010446950000	18.7761	7.0725	4.92891	0.970675	0.355322	radar	0.750397	18.8089	7.24388	18.7064	7.01237	2.63825	4.14672
1477010447000000	19.0014	7.23122	4.88534	0.87303	0.140275	lidar	2.03017	19.1441	7.18344	18.8359	7.22122	2.53893	4.20299
1477010447050000	18.9491	7.5198	4.8482	1.07024	0.486128	radar	3.02454	18.5479	7.4012	18.9604	7.43283	2.43767	4.25737
1477010447100000	19.1561	7.73931	4.91327	1.03828	0.413731	lidar	3.39386	19.0138	7.8688	19.0798	7.64712	2.3345	4.3098
1477010447150000	19.2229	7.85275	4.7977	1.05935	0.387355	radar	0.402	19.3089	7.67375	19.1939	7.86397	2.22949	4.36017
1477010447200000	19.2708	8.16302	4.73033	1.1549	0.551496	lidar	1.6774	19.132	8.12845	19.3028	8.08329	2.12266	4.40842
1477010447250000	19.4129	8.26959	4.82181	1.08799	0.339837	radar	2.10081	19.0239	8.17194	19.4062	8.30497	2.01409	4.45445
1477010447300000	19.4132	8.47868	4.41859	1.18917	0.520072	lidar	2.50784	19.347	8.30741	19.5042	8.5289	1.90381	4.49819
1477010447350000	19.6295	8.62986	4.70191	1.12615	0.39422	radar	0.551402	19.6843	8.35902	19.5966	8.75494	1.7919	4.53956
1477010447400000	19.7766	8.87298	4.61291	1.08976	0.246877	lidar	4.4262	20.0039	8.8906	19.6835	8.983	1.67841	4.57848
1477010447450000	19.7475	9.17465	4.78426	1.22501	0.48487	radar	0.561141	19.6061	9.48659	19.7645	9.21294	1.56341	4.61488
1477010447500000	20.0603	9.34938	4.85682	1.08421	0.19198	lidar	1.62238	20.1574	9.45949	19.8398	9.44463	1.44697	4.64869
1477010447550000	19.8233	9.69586	4.82944	1.32632	0.576924	radar	0.610995	19.6163	9.76606	19.9093	9.67795	1.32916	4.67984
1477010447600000	20.2139	9.83948	4.92195	1.17106	0.312306	lidar	0.716195	20.1573	9.90876	19.9728	9.91275	1.21005	4.70826
1477010447650000	19.8232	10.4297	5.14665	1.38954	0.430455	radar	5.83941	19.1911	11.5493	20.0303	10.1489	1.08972	4.73389
1477010447700000	20.2726	10.3781	4.98993	1.3146	0.511538	lidar	1.80471	20.166	10.4687	20.0818	10.3863	0.968259	4.75666
1477010447750000	19.8511	10.9404	5.1361	1.4697	0.517291	radar	0.893606	19.6775	10.803	20.1271	10.6247	0.845742	4.77652
1477010447800000	20.3723	10.9233	5.13095	1.39137	0.554839	lidar	0.586709	20.371	11.0109	20.1663	10.864	0.722256	4.7934
1477010447850000	19.8154	11.6229	5.34573	1.52342	0.422134	radar	2.20131	19.4335	12.3402	20.1993	11.1041	0.597892	4.80727
1477010447900000	20.3827	11.399	5.01795	1.48861	0.632119	lidar	0.567529	20.3164	11.3483	20.2261	11.3449	0.472738	4.81807
1477010447950000	19.6732	12.2321	5.41241	1.67062	0.663461	radar	4.40076	19.2063	12.2418	20.2466	11.5861	0.346889	4.82575
1477010448000000	20.5141	11.9107	5.0996	1.47699	0.49549	lidar	0.980469	20.6141	11.9422	20.2608	11.8275	0.220439	4.83027
1477010448050000	19.8021	12.5379	5.08468	1.59199	0.345464	radar	4.75653	19.966	11.9688	20.2687	12.0692	0.093487	4.83159
1477010448100000	20.4311	12.4519	5.15515	1.61508	0.654752	lidar	1.19853	20.3263	12.4966	20.2701	12.3108	-0.0338694	4.82968
1477010448150000	19.8228	12.8976	4.82401	1.65601	0.520755	radar	2.35048	20.0192	12.4823	20.2652	12.5522	-0.161529	4.82451
1477010448200000	20.4479	12.9337	5.08651	1.63881	0.580311	lidar	0.365137	20.498	12.8924	20.254	12.7933	-0.28939	4.81605
1477010448250000	19.9839	13.1263	4.50769	1.64823	0.482154	radar	5.05688	20.9151	12.2555	20.2363	13.0339	-0.417348	4.80428
1477010448300000	20.2912	13.3286	4.81693	1.77582	0.72842	lidar	2.78122	20.1943	13.1688	20.2122	13.2738	-0.545298	4.78918
1477010448350000	19.9324	13.5745	4.5245	1.68573	0.440426	radar	0.192625	19.858	13.5236	20.1818	13.5129	-0.673135	4.77072
1477010448400000	20.2535	13.8335	4.89686	1.78937	0.619265	lidar	0.707733	20.3245	13.8896	20.1449	13.7509	-0.800753	4.74892
1477010448450000	19.9434	13.9099	4.36476	1.72916	0.498874	radar	1.07105	20.3387	13.5307	20.1017	13.9878	-0.928043	4.72374
1477010448500000	20.1279	14.3175	4.93204	1.85374	0.623083	lidar	0.0315453	20.1216	14.337	20.0521	14.2233	-1.0549	4.69521
1477010448550000	19.8307	14.3592	4.39737	1.78606	0.502022	radar	0.175554	19.6717	14.4038	19.9962	14.4573	-1.18121	4.66331
1477010448600000	19.8762	14.774	4.97106	1.99032	0.756879	lidar	0.828033	19.781	14.773	19.934	14.6897	-1.30687	4.62805
1477010448650000	19.8319	14.6334	4.19881	1.7948	0.440062	radar	1.32781	20.1149	14.0165	19.8655	14.9202	-1.43177	4.58944
1477010448700000	19.8416	15.225	4.83498	1.9345	0.522182	lidar	2.8987	20.0208	15.2053	19.7908	15.1486	-1.55581	4.54751
1477010448750000	19.6728	15.0586	4.15772	1.95637	0.812715	radar	8.96274	20.0157	15.3443	19.7099	15.3749	-1.67887	4.50226
1477010448800000	19.7829	15.6306	4.62942	1.90961	0.385957	lidar	1.86109	19.9131	15.554	19.6229	15.5989	-1.80085	4.45372
1477010448850000	19.6262	15.3286	3.96586	1.97406	0.685069	radar	1.04174	19.9388	15.0864	19.5298	15.8203	-1.92164	4.40193
1477010448900000	19.5469	16.0348	4.63518	2.00786	0.492569	lidar	0.526882	19.4748	16.0098	19.4307	16.039	-2.04114	4.3469
1477010448950000	19.4369	15.7468	4.03799	2.00102	0.532472	radar	1.40959	19.1556	16.0022	19.3257	16.2549	-2.15925	4.28868
1477010449000000	19.2842	16.3699	4.51281	2.11989	0.605558	lidar	0.975494	19.238	16.2719	19.2148	16.4679	-2.27586	4.22731
1477010449050000	19.2602	16.1245	4.05447	2.06502	0.573843	radar	0.64296	19.4007	16.2962	19.0981	16.6777	-2.39087	4.16284
1477010449100000	19.0254	16.7829	4.61587	2.17654	0.597039	lidar	0.26956	19.0029	16.8387	18.9757	16.8841	-2.50418	4.0953
1477010449150000	18.9119	16.6615	4.339	2.21584	0.830665	radar	9.40258	18.8373	17.7112	18.8477	17.0872	-2.61571	4.02476
1477010449200000	18.6979	17.2443	4.89422	2.23663	0.592882	lidar	1.94268	18.6148	17.3832	18.7142	17.2866	-2.72534	3.95127
1477010449250000	18.7919	16.9486	4.06498	2.16495	0.459099	radar	5.54115	18.8177	17.0316	18.5752	17.4822	-2.83299	3.87489
1477010449300000	18.2464	17.5729	5.00984	2.40393	0.782886	lidar	1.87822	18.1023	17.5529	18.4309	17.674	-2.93858	3.79568
1477010449350000	18.5119	17.3409	4.16169	2.1909	0.373316	radar	0.548216	18.2749	17.4877	18.2814	17.8617	-3.042	3.71372
1477010449400000	18.0364	17.984	4.89211	2.33948	0.531788	lidar	3.06602	18.2094	18.0461	18.1268	18.0453	-3.14318	3.62906
1477010449450000	18.2645	17.6056	4.07416	2.28842	0.573084	radar	1.81458	18.3021	17.498	17.9671	18.2246	-3.24204	3.5418
1477010449500000	17.782	18.2886	4.66152	2.35983	0.47671	lidar	1.45848	17.9018	18.2183	17.8026	18.3994	-3.3385	3.45199
1477010449550000	18.1064	17.8971	3.98932	2.31444	0.532497	radar	6.3581	18.8558	18.1364	17.6334	18.5697	-3.43247	3.35973
1477010449600000	17.4232	18.6475	4.77758	2.3984	0.459604	lidar	0.349495	17.3845	18.7039	17.4595	18.7353	-3.5239	3.26509
1477010449650000	17.8143	18.161	3.98939	2.39695	0.621813	radar	0.431464	17.7945	18.0801	17.281	18.8962	-3.61271	3.16817
1477010449700000	17.1125	18.9324	4.64254	2.4353	0.444386	lidar	0.461554	17.1762	18.8863	17.0983	19.0521	-3.69883	3.06904
1477010449750000	17.3781	18.6367	4.26861	2.43945	0.559336	radar	5.78219	16.9398	19.7311	16.9113	19.203	-3.78221	2.9678
1477010449800000	16.6639	19.1346	4.66738	2.57634	0.616411	lidar	1.36228	16.5734	19.052	16.7201	19.3488	-3.86278	2.86455
1477010449850000	16.8407	19.1287	4.63053	2.51216	0.606266	radar	5.25983	16.1674	20.2201	16.5251	19.4894	-3.9405	2.75938
1477010449900000	16.2644	19.4845	4.84484	2.56919	0.490887	lidar	1.49517	16.2338	19.6171	16.3262	19.6246	-4.01531	2.65237
1477010449950000	16.5168	19.2094	4.44691	2.61358	0.698762	radar	8.10464	16.4366	18.2742	16.1237	19.7545	-4.08716	2.54364
1477010450000000	15.8923	19.8036	4.86332	2.55857	0.384076	lidar	0.501202	15.9243	19.8703	15.9176	19.8789	-4.15602	2.43329
1477010450050000	16.2036	19.3947	4.27454	2.6242	0.498088	radar	2.27978	16.2328	19.2166	15.7082	19.9978	-4.22185	2.32141
1477010450100000	15.4687	20.1177	4.97644	2.56835	0.332195	lidar	0.437971	15.4332	20.1836	15.4956	20.111	-4.28461	2.2081
1477010450150000	15.5184	19.9245	4.78195	2.64155	0.418813	radar	9.51407	14.3677	21.3406	15.2799	20.2185	-4.34427	2.09347
1477010450200000	15.1196	20.4166	4.8766	2.54919	0.239153	lidar	0.614092	15.2016	20.4385	15.0613	20.3203	-4.4008	1.97763
1477010450250000	15.0594	20.1145	4.79076	2.70971	0.483146	radar	1.44607	14.7476	19.9571	14.84	20.4162	-4.4542	1.86068
1477010450300000	14.6895	20.6438	4.87797	2.60705	0.299743	lidar	0.163176	14.6665	20.6088	14.6161	20.5063	-4.50443	1.74272
1477010450350000	14.4538	20.43	5.04472	2.76957	0.538673	radar	1.89283	13.841	21.0031	14.3897	20.5904	-4.55149	1.62386
1477010450400000	14.159	20.7307	4.91303	2.7767	0.549596	lidar	2.82612	14.0521	20.5924	14.1611	20.6686	-4.59537	1.50421
1477010450450000	13.9353	20.6362	5.12167	2.83414	0.58579	radar	0.384449	13.8232	20.859	13.9304	20.7408	-4.63606	1.38386
1477010450500000	13.5935	20.7988	5.04944	2.92882	0.721639	lidar	1.82145	13.4686	20.7253	13.6977	20.807	-4.67357	1.26294
1477010450550000	13.5167	20.6883	5.03462	2.93703	0.725611	radar	1.24223	13.8263	20.4261	13.4632	20.8671	-4.70789	1.14153
1477010450600000	13.1008	20.858	5.02295	3.021	0.758509	lidar	0.0749711	13.1072	20.8294	13.2271	20.9211	-4.73904	1.01975
1477010450650000	13.0559	20.8188	4.98517	2.98288	0.655392	radar	2.21353	13.2669	21.1579	12.9895	20.969	-4.76702	0.897694
1477010450700000	12.7168	20.9887	4.79012	3.01283	0.613736	lidar	2.36744	12.8729	21.0592	12.7506	21.0108	-4.79186	0.775469
1477010450750000	12.3395	21.0457	5.28531	3.01743	0.594618	radar	2.78127	11.5171	21.6724	12.5106	21.0465	-4.81358	0.653175
1477010450800000	12.23	21.0728	4.84091	3.04841	0.566365	lidar	0.163338	12.2062	21.11	12.2695	21.0761	-4.83219	0.530912
1477010450850000	11.9123	21.072	5.17074	3.08044	0.605623	radar	1.20737	12.3859	21.1066	12.0276	21.0996	-4.84773	0.408778
1477010450900000	11.719	20.9801	4.88359	3.19986	0.736058	lidar	1.33449	11.6814	20.8651	11.785	21.117	-4.86022	0.286869
1477010450950000	11.4467	21.0304	5.0898	3.15073	0.608663	radar	1.08328	11.5265	20.6748	11.5418	21.1283	-4.86971	0.165281
1477010451000000	11.2878	21.0041	4.75583	3.2193	0.641238	lidar	0.811334	11.363	21.0688	11.2982	21.1335	-4.87623	0.0441057
1477010451050000	10.8936	20.9769	5.12281	3.21569	0.598225	radar	3.48406	10.5558	20.5567	11.0544	21.1327	-4.87982	-0.076565
1477010451100000	10.8474	20.9391	4.68291	3.29369	0.660845	lidar	0.150429	10.8903	20.927	10.8105	21.1259	-4.88053	-0.196643
1477010451150000	10.1518	21.0764	5.34795	3.19695	0.40009	radar	3.57612	9.30535	21.3896	10.5666	21.1131	-4.8784	-0.31604
1477010451200000	10.3064	21.0364	4.85032	3.21613	0.401342	lidar	3.77851	10.189	21.209	10.3229	21.0943	-4.87349	-0.434674
1477010451250000	9.67748	21.0457	5.29062	3.24505	0.431031	radar	1.5811	9.97958	21.2932	10.0795	21.0697	-4.86585	-0.552463
1477010451300000	9.89542	20.9836	4.67764	3.26613	0.419935	lidar	0.760992	9.99634	20.9797	9.83658	21.0391	-4.85554	-0.669327
1477010451350000	9.17551	21.0227	5.23124	3.24514	0.29847	radar	1.24534	9.38223	21.111	9.59422	21.0028	-4.84262	-0.785189
1477010451400000	9.47813	20.8946	4.57727	3.3278	0.455418	lidar	0.312595	9.53921	20.8762	9.35258	20.9607	-4.82714	-0.899977
1477010451450000	8.86392	20.8963	4.99954	3.32031	0.402547	radar	3.35727	9.63392	20.9724	9.11177	20.9128	-4.80919	-1.01362
1477010451500000	8.89976	20.8161	4.90978	3.34637	0.404935	lidar	2.89066	8.70331	20.8221	8.87192	20.8594	-4.78881	-1.12605
1477010451550000	8.71943	20.6342	4.60424	3.42462	0.496996	radar	5.13575	9.84634	20.009	8.63315	20.8003	-4.76608	-1.2372
1477010451600000	8.34726	20.5961	5.15867	3.4595	0.53247	lidar	2.2325	8.22277	20.4839	8.39557	20.7358	-4.74108	-1.34701
1477010451650000	8.26244	20.4913	4.68833	3.48967	0.557876	radar	0.298734	8.29647	20.4978	8.1593	20.6657	-4.71387	-1.45542
1477010451700000	7.87298	20.4365	5.13104	3.50449	0.518094	lidar	0.0279815	7.88599	20.45	7.92445	20.5903	-4.68453	-1.56237
1477010451750000	7.9036	20.3219	4.67943	3.57791	0.661798	radar	3.1632	8.29081	20.6565	7.69111	20.5096	-4.65313	-1.66781
1477010451800000	7.30445	20.3289	5.29967	3.47531	0.369908	lidar	1.63843	7.18029	20.392	7.45939	20.4237	-4.61975	-1.7717
1477010451850000	7.40305	20.1422	4.72776	3.61497	0.596185	radar	0.603737	7.09214	20.1196	7.22939	20.3326	-4.58448	-1.87399
1477010451900000	6.81102	20.1672	5.28171	3.49884	0.345725	lidar	0.0330427	6.81542	20.1859	7.00119	20.2364	-4.54738	-1.97462
1477010451950000	6.95268	19.9632	4.72528	3.64288	0.528161	radar	0.534483	6.89359	20.1536	6.7749	20.1352	-4.50854	-2.07357
1477010452000000	6.34891	19.9924	5.20375	3.52817	0.336669	lidar	0.154735	6.38914	20.0137	6.55059	20.0292	-4.46805	-2.17079
1477010452050000	6.55051	19.7807	4.71242	3.68112	0.510843	radar	2.46486	6.67637	20.2142	6.32834	19.9183	-4.42598	-2.26625
1477010452100000	5.86665	19.8111	5.19983	3.54579	0.307383	lidar	0.0387418	5.86119	19.8306	6.10823	19.8027	-4.38241	-2.35993
1477010452150000	5.95542	19.5523	4.99682	3.71376	0.538022	radar	2.53736	5.28178	19.5036	5.89034	19.6824	-4.33744	-2.45178
1477010452200000	5.52035	19.575	4.92884	3.62696	0.401292	lidar	2.24202	5.69089	19.5755	5.67472	19.5577	-4.29114	-2.5418
1477010452250000	5.65985	19.2291	4.85802	3.79727	0.55475	radar	0.759201	5.9506	18.9859	5.46145	19.4284	-4.24359	-2.62995
1477010452300000	5.12058	19.385	4.8109	3.64495	0.362002	lidar	0.419792	5.17021	19.4397	5.25059	19.2948	-4.19488	-2.71622
1477010452350000	5.41019	18.9717	4.58142	3.83951	0.472316	radar	3.99609	5.87397	19.301	5.04219	19.157	-4.1451	-2.80059
1477010452400000	4.79224	19.0581	4.72015	3.768	0.521082	lidar	1.37441	4.89149	18.982	4.8363	19.015	-4.09432	-2.88305
1477010452450000	4.75691	18.758	4.96055	3.80662	0.421626	radar	3.10093	3.98679	19.0452	4.63297	18.8689	-4.04263	-2.96359
1477010452500000	4.43792	18.8001	4.64488	3.81005	0.504049	lidar	0.156891	4.4685	18.834	4.43224	18.7188	-3.99012	-3.0422
1477010452550000	4.42005	18.4656	4.85199	3.82794	0.345197	radar	0.683048	4.69245	18.4634	4.23416	18.5648	-3.93685	-3.11888
1477010452600000	4.16273	18.4849	4.50849	3.9076	0.591024	lidar	0.800551	4.26269	18.481	4.03876	18.4071	-3.88293	-3.19362
1477010452650000	3.9171	18.1947	5.15862	3.89169	0.525451	radar	7.65073	3.42434	18.8357	3.84606	18.2457	-3.82841	-3.26644
1477010452700000	3.67711	18.1858	4.81683	3.87026	0.413472	lidar	3.78006	3.45919	18.167	3.65611	18.0807	-3.77339	-3.33732
1477010452750000	3.7191	17.8584	4.83323	3.93932	0.424733	radar	3.19088	4.3011	17.9267	3.46891	17.9122	-3.71795	-3.40627
1477010452800000	3.24262	17.8199	5.04912	3.8928	0.377552	lidar	1.40095	3.12525	17.7493	3.28449	17.7402	-3.66215	-3.47331
1477010452850000	3.1685	17.5574	5.16675	3.94149	0.451646	radar	2.98383	2.65664	17.888	3.10287	17.565	-3.60609	-3.53844
1477010452900000	2.88966	17.6294	4.75997	3.84529	0.227643	lidar	2.99833	2.9449	17.8154	2.92405	17.3866	-3.54982	-3.60167
1477010452950000	2.98819	17.131	5.07774	4.07369	0.597568	radar	0.955427	3.26647	17.0897	2.74805	17.2051	-3.49344	-3.66302
1477010453000000	2.55626	17.2084	4.90695	3.94186	0.358532	lidar	1.27934	2.55407	17.0853	2.57486	17.0205	-3.437	-3.72251
1477010453050000	2.67547	16.783	4.81007	4.08008	0.447912	radar	3.15904	2.55039	16.8884	2.4045	16.833	-3.38059	-3.78014
1477010453100000	2.2384	16.842	4.89857	3.99124	0.382698	lidar	0.0280435	2.25371	16.8334	2.23695	16.6427	-3.32428	-3.83595
1477010453150000	2.13733	16.4132	4.95759	4.01413	0.274184	radar	4.34606	1.57735	16.0489	2.07221	16.4497	-3.26812	-3.88995
1477010453200000	1.93001	16.3052	5.19761	4.11763	0.537494	lidar	3.30632	1.88972	16.1054	1.91027	16.254	-3.21219	-3.94216
1477010453250000	1.77454	16.0703	4.97177	4.01055	0.227172	radar	0.507745	1.74362	16.2687	1.75112	16.0557	-3.15656	-3.99261
1477010453300000	1.54105	15.9798	5.15622	4.05722	0.33224	lidar	1.86151	1.44745	16.0853	1.59474	15.8549	-3.10129	-4.04132
1477010453350000	1.58941	15.627	5.0006	4.1445	0.447728	radar	1.86441	1.6097	15.5526	1.44111	15.6517	-3.04644	-4.08832
1477010453400000	1.21972	15.5088	5.30384	4.10795	0.362405	lidar	0.584371	1.18395	15.4284	1.29021	15.4463	-2.99207	-4.13364
1477010453450000	1.16539	15.2589	5.07787	4.11918	0.356309	radar	1.77489	0.828993	15.528	1.14201	15.2386	-2.93825	-4.1773
1477010453500000	0.83203	15.0551	5.47998	4.09494	0.271314	lidar	1.13161	0.722706	15.0075	0.996486	15.0288	-2.88503	-4.21933
1477010453550000	0.893909	14.8948	4.95369	4.12145	0.269749	radar	1.9142	1.03147	15.2134	0.853604	14.8169	-2.83246	-4.25977
1477010453600000	0.622153	14.6369	5.27067	4.16647	0.353524	lidar	1.39074	0.737301	14.7047	0.71333	14.603	-2.78061	-4.29864
1477010453650000	0.708217	14.4283	5.02926	4.22797	0.43427	radar	1.67386	0.722177	14.2445	0.575628	14.3872	-2.72952	-4.33598
1477010453700000	0.305646	14.199	5.31356	4.16548	0.286583	lidar	0.246514	0.253435	14.2029	0.440459	14.1696	-2.67925	-4.37181
1477010453750000	0.306703	13.9573	5.39571	4.23821	0.46066	radar	2.42834	-0.0328023	13.9604	0.307779	13.9502	-2.62984	-4.40617
1477010453800000	0.248917	13.694	5.13705	4.33818	0.552896	lidar	3.96059	0.459172	13.6856	0.177545	13.7292	-2.58135	-4.43909
1477010453850000	0.0767586	13.4823	5.44193	4.30021	0.50732	radar	0.442575	0.0524412	13.6377	0.0497099	13.5065	-2.53381	-4.47061
1477010453900000	-0.0599735	13.2576	5.19402	4.2937	0.368248	lidar	1.63006	-0.190344	13.2856	-0.0757753	13.2823	-2.48728	-4.50075
1477010453950000	-0.210517	13.0323	5.31118	4.28269	0.362596	radar	1.63478	-0.275043	13.1456	-0.198962	13.0566	-2.44179	-4.52955
1477010454000000	-0.113979	12.8304	4.92282	4.41078	0.519365	lidar	2.84107	0.0462308	12.9301	-0.319903	12.8295	-2.39739	-4.55704
1477010454050000	-0.566418	12.5583	5.31668	4.22991	0.196902	radar	1.50091	-0.684792	12.3563	-0.438654	12.6011	-2.35412	-4.58326
1477010454100000	-0.361946	12.3704	5.0039	4.38231	0.370912	lidar	1.16729	-0.476482	12.3633	-0.555273	12.3714	-2.31202	-4.60823
1477010454150000	-0.873208	12.1331	5.34197	4.21813	0.160336	radar	1.94857	-0.972122	12.5207	-0.669818	12.1404	-2.27111	-4.63198
1477010454200000	-0.554027	11.9586	4.88966	4.37672	0.294144	lidar	0.588777	-0.582624	12.0386	-0.78235	11.9083	-2.23144	-4.65456
1477010454250000	-1.16745	11.6592	5.40856	4.2252	0.16429	radar	0.141383	-1.26757	11.6495	-0.892931	11.6751	-2.19304	-4.67598
1477010454300000	-0.937616	11.4737	5.14014	4.25196	0.0132602	lidar	5.17624	-1.17212	11.3988	-1.00163	11.4409	-2.15594	-4.69628
1477010454350000	-1.26716	11.1928	5.15601	4.26198	0.112509	radar	3.05774	-0.891441	10.959	-1.1085	11.2057	-2.12017	-4.71549
1477010454400000	-1.28079	11.0375	5.20195	4.16831	-0.140361	lidar	1.14591	-1.39289	11.0424	-1.21362	10.9695	-2.08575	-4.73364
1477010454450000	-1.38277	10.7277	5.17257	4.35148	0.285852	radar	1.84201	-1.29894	10.9012	-1.31706	10.7324	-2.05273	-4.75075
1477010454500000	-1.51469	10.5184	5.34262	4.20343	-0.0489983	lidar	0.821234	-1.49687	10.4198	-1.41889	10.4945	-2.02111	-4.76686
1477010454550000	-1.57627	10.2072	5.29938	4.3909	0.330984	radar	0.785617	-1.59293	10.0212	-1.51917	10.2559	-1.99093	-4.78198
1477010454600000	-1.70608	10.1256	5.10247	4.21855	-0.0148888	lidar	1.50638	-1.61875	10.2374	-1.61797	10.0165	-1.96221	-4.79615
1477010454650000	-1.68727	9.75737	5.10542	4.42099	0.284573	radar	1.25261	-1.59702	9.96554	-1.71539	9.77637	-1.93498	-4.80939
1477010454700000	-1.84238	9.68298	4.96861	4.28159	0.101979	lidar	1.07294	-1.73381	9.71347	-1.81147	9.53564	-1.90924	-4.82172
1477010454750000	-1.98665	9.24749	5.33565	4.39079	0.228647	radar	1.79671	-2.27191	9.37316	-1.90631	9.29431	-1.88502	-4.83316
1477010454800000	-1.97106	9.03134	5.34579	4.40469	0.305571	lidar	5.53186	-1.93833	8.77028	-1.99998	9.05243	-1.86233	-4.84374
1477010454850000	-2.0882	8.81083	5.13115	4.41336	0.181835	radar	2.17574	-1.96565	9.13274	-2.09256	8.81003	-1.8412	-4.85347
1477010454900000	-2.15183	8.53287	5.34948	4.41419	0.266937	lidar	0.065071	-2.1768	8.5411	-2.18412	8.56717	-1.82164	-4.86238
1477010454950000	-2.41085	8.27612	5.36951	4.35824	0.094031	radar	1.71974	-2.65862	8.19477	-2.27474	8.32388	-1.80365	-4.87047
1477010455000000	-2.26368	8.07384	5.1942	4.4539	0.293066	lidar	0.62548	-2.21875	8.15339	-2.3645	8.0802	-1.78726	-4.87778
1477010455050000	-2.42651	7.88975	5.05924	4.43138	0.164731	radar	6.46351	-2.273	8.52315	-2.45348	7.83617	-1.77248	-4.8843
1477010455100000	-2.49717	7.59271	5.22874	4.40519	0.149701	lidar	0.936303	-2.59674	7.60288	-2.54177	7.59184	-1.75931	-4.89006
1477010455150000	-2.78233	7.3775	5.21298	4.3268	-0.0510163	radar	3.74431	-3.08256	7.38874	-2.62944	7.34723	-1.74777	-4.89507
1477010455200000	-2.72588	7.08831	5.3054	4.37075	0.0588133	lidar	0.514412	-2.79865	7.064	-2.71658	7.10238	-1.73786	-4.89933
1477010455250000	-2.83762	6.94889	5.04698	4.41481	0.137705	radar	2.0248	-2.79412	7.20818	-2.80326	6.85734	-1.72958	-4.90286
1477010455300000	-2.83174	6.70055	4.98423	4.39886	0.0988398	lidar	2.65768	-2.74651	6.86867	-2.88957	6.61214	-1.72295	-4.90566
1477010455350000	-2.88058	6.52006	4.74112	4.43209	0.0542649	radar	3.50052	-2.57673	6.36755	-2.97559	6.36681	-1.71797	-4.90774
1477010455400000	-2.9415	6.22645	4.95831	4.43686	0.150224	lidar	0.13983	-2.90217	6.22989	-3.0614	6.12139	-1.71464	-4.90911
1477010455450000	-3.15634	6.00629	5.05383	4.39499	0.0390309	radar	3.39216	-3.50172	6.10796	-3.14709	5.87592	-1.71297	-4.90976
1477010455500000	-3.11834	5.66403	5.20742	4.43822	0.124577	lidar	1.58384	-3.1778	5.53101	-3.23274	5.63043	-1.71295	-4.9097
1477010455550000	-3.35214	5.48882	5.10709	4.35755	-0.0721141	radar	1.77545	-3.19736	5.19093	-3.31843	5.38496	-1.71458	-4.90893
1477010455600000	-3.3434	5.14637	5.31697	4.39327	0.0191442	lidar	0.786967	-3.43031	5.10507	-3.40424	5.13955	-1.71787	-4.90745
1477010455650000	-3.47636	5.00996	5.07387	4.40232	0.0587211	radar	0.672301	-3.4281	4.94644	-3.49026	4.89422	-1.72281	-4.90525
1477010455700000	-3.60064	4.60087	5.49382	4.34141	-0.0790775	lidar	1.20486	-3.69435	4.52196	-3.57657	4.64902	-1.72939	-4.90233
1477010455750000	-3.68413	4.47628	5.16589	4.35455	-0.0927788	radar	2.5708	-3.50501	4.17643	-3.66325	4.40398	-1.73763	-4.89868
1477010455800000	-3.90411	4.08249	5.60608	4.26697	-0.200417	lidar	0.955424	-4.00238	4.04684	-3.75039	4.15913	-1.74749	-4.8943
1477010455850000	-3.87391	3.99151	5.2036	4.37015	0.00481042	radar	1.03741	-4.06447	4.10977	-3.83806	3.91452	-1.75899	-4.88918
1477010455900000	-4.01774	3.64058	5.34097	4.31597	-0.0763382	lidar	2.47458	-3.88053	3.75177	-3.92635	3.67019	-1.77212	-4.8833
1477010455950000	-4.06195	3.58021	5.066	4.33502	-0.111812	radar	2.61567	-4.23729	3.88878	-4.01533	3.42616	-1.78686	-4.87666
1477010456000000	-4.19008	3.17705	5.24744	4.3237	-0.0485049	lidar	0.255167	-4.15119	3.21968	-4.10509	3.18248	-1.8032	-4.86925
1477010456050000	-4.29835	3.0385	5.2705	4.30612	-0.152232	radar	1.19839	-4.27467	2.88187	-4.19571	2.93919	-1.82113	-4.86104
1477010456100000	-4.34983	2.63139	5.35968	4.3608	0.0291541	lidar	0.593879	-4.32451	2.55034	-4.28727	2.69633	-1.84065	-4.85202
1477010456150000	-4.48617	2.52107	5.29682	4.32569	-0.0416546	radar	0.910182	-4.38481	2.39989	-4.37985	2.45393	-1.86173	-4.84218
1477010456200000	-4.57161	2.11817	5.42781	4.34153	-0.0122186	lidar	0.189843	-4.61223	2.09192	-4.47352	2.21205	-1.88436	-4.83149
1477010456250000	-4.67707	2.0382	5.28397	4.27982	-0.21233	radar	3.16296	-4.29257	1.92854	-4.56836	1.97072	-1.90853	-4.81994
1477010456300000	-4.81578	1.58606	5.54412	4.31625	-0.0571141	lidar	0.422267	-4.86829	1.53442	-4.66444	1.72998	-1.93422	-4.80751
1477010456350000	-4.92504	1.5086	5.43481	4.26009	-0.21176	radar	0.553812	-4.98165	1.43611	-4.76186	1.48989	-1.9614	-4.79417
1477010456400000	-4.85193	1.14924	5.20499	4.40667	0.121088	lidar	4.22981	-4.66779	1.28643	-4.86066	1.25049	-1.99007	-4.7799
1477010456450000	-5.12015	1.06901	5.22494	4.26381	-0.115474	radar	1.38487	-4.98594	1.10894	-4.96095	1.01182	-2.02019	-4.76468
1477010456500000	-4.9347	0.720226	4.98701	4.44923	0.178556	lidar	1.32894	-4.85498	0.825661	-5.06277	0.77393	-2.05174	-4.74848
1477010456550000	-5.3038	0.436551	5.52945	4.30805	-0.00446637	radar	6.50752	-4.84736	0.18101	-5.16621	0.536876	-2.08471	-4.73127
1477010456600000	-5.09213	0.249663	4.99085	4.4429	0.134023	lidar	0.0934472	-5.1231	0.257311	-5.27133	0.300706	-2.11906	-4.71303
1477010456650000	-5.5366	-0.0603106	5.44708	4.34034	0.142805	radar	4.70584	-5.99809	-0.290765	-5.3782	0.0654719	-2.15477	-4.69374
1477010456700000	-5.26129	-0.220014	4.99818	4.42645	0.0791619	lidar	0.139671	-5.29972	-0.212982	-5.4869	-0.168772	-2.1918	-4.67335
1477010456750000	-5.75792	-0.360958	5.06319	4.27221	-0.032104	radar	3.24998	-5.64447	-0.144522	-5.59748	-0.401971	-2.23014	-4.65185
1477010456800000	-5.63807	-0.579297	4.88091	4.24304	-0.270385	lidar	5.83972	-5.85359	-0.445801	-5.71001	-0.634069	-2.26974	-4.62919
1477010456850000	-5.94413	-0.82524	5.18435	4.23512	-0.187879	radar	6.79205	-5.30947	-0.724468	-5.82456	-0.865006	-2.31058	-4.60536
1477010456900000	-5.86057	-1.11632	5.13668	4.24641	-0.211703	lidar	1.77257	-5.87835	-1.26863	-5.94118	-1.09472	-2.35262	-4.58032
1477010456950000	-6.1054	-1.41882	5.37509	4.28457	-0.0617146	radar	4.127	-5.68069	-1.52871	-6.05993	-1.32316	-2.39581	-4.55404
1477010457000000	-6.18681	-1.53581	5.15318	4.15323	-0.342238	lidar	0.750128	-6.27263	-1.50938	-6.18087	-1.55025	-2.44014	-4.52648
1477010457050000	-6.35536	-1.87517	5.48651	4.21525	-0.268935	radar	3.16763	-6.11355	-1.75966	-6.30406	-1.77593	-2.48555	-4.49762
1477010457100000	-6.39396	-2.04551	5.25024	4.19247	-0.207395	lidar	0.998943	-6.34007	-2.13685	-6.42954	-2.00014	-2.532	-4.46742
1477010457150000	-6.66637	-2.25472	5.24162	4.15695	-0.284347	radar	2.59734	-6.99344	-2.17445	-6.55738	-2.22281	-2.57946	-4.43585
1477010457200000	-6.72802	-2.46632	5.27341	4.11744	-0.30578	lidar	0.434855	-6.79288	-2.4458	-6.68761	-2.44386	-2.62788	-4.40288
1477010457250000	-6.97376	-2.67011	5.20839	4.1121	-0.310375	radar	0.407081	-7.14408	-2.67584	-6.82029	-2.66323	-2.6772	-4.36847
1477010457300000	-6.90336	-2.9987	5.32963	4.20081	-0.0977279	lidar	1.97638	-6.8003	-3.10086	-6.95546	-2.88084	-2.7274	-4.3326
1477010457350000	-7.22433	-3.14186	5.1689	4.1268	-0.204405	radar	0.778877	-7.13937	-3.22028	-7.09316	-3.09663	-2.7784	-4.29523
1477010457400000	-7.15416	-3.37667	5.13434	4.16817	-0.139575	lidar	1.03578	-7.12118	-3.26434	-7.23344	-3.3105	-2.83017	-4.25632
1477010457450000	-7.49245	-3.69963	5.32933	4.17304	-0.0820693	radar	3.37536	-7.77186	-4.08999	-7.37632	-3.5224	-2.88265	-4.21586
1477010457500000	-7.47257	-3.66826	4.88971	4.07133	-0.291247	lidar	2.57957	-7.49009	-3.49081	-7.52184	-3.73223	-2.93579	-4.1738
1477010457550000	-7.76625	-4.09612	5.28371	4.13341	-0.146589	radar	1.40926	-7.52393	-3.88213	-7.67004	-3.93992	-2.98953	-4.13012
1477010457600000	-7.80966	-4.15408	5.16318	4.05768	-0.260876	lidar	1.91481	-7.88049	-4.29783	-7.82094	-4.14538	-3.04381	-4.08479
1477010457650000	-8.05206	-4.54343	5.28281	4.12486	-0.133347	radar	0.0330139	-8.08524	-4.57834	-7.97457	-4.34854	-3.09857	-4.03778
1477010457700000	-8.16044	-4.65795	5.42388	4.05456	-0.216467	lidar	1.78437	-8.22492	-4.79812	-8.13095	-4.5493	-3.15376	-3.98906
1477010457750000	-8.33686	-4.95189	5.09036	4.12256	-0.0731662	radar	1.25336	-8.453	-4.95621	-8.2901	-4.74759	-3.2093	-3.93862
1477010457800000	-8.41542	-5.10207	5.34582	4.08733	-0.117026	lidar	0.568377	-8.33552	-5.1059	-8.45204	-4.94331	-3.26514	-3.88641
1477010457850000	-8.66933	-5.20398	4.83498	4.04002	-0.170524	radar	2.98771	-8.55062	-4.79248	-8.61678	-5.13637	-3.32121	-3.83242
1477010457900000	-8.82036	-5.51299	5.45019	4.01604	-0.226113	lidar	0.778369	-8.91477	-5.51752	-8.78433	-5.32669	-3.37745	-3.77663
1477010457950000	-8.97419	-5.60902	4.93126	4.02969	-0.169934	radar	0.286839	-9.04115	-5.69364	-8.95469	-5.51417	-3.43377	-3.71901
1477010458000000	-9.11316	-5.87824	5.2631	4.00609	-0.203821	lidar	0.896139	-9.03391	-5.80267	-9.12788	-5.69872	-3.49012	-3.65955
1477010458050000	-9.27493	-5.86852	4.74437	3.97125	-0.223995	radar	4.79864	-8.86897	-5.41973	-9.30388	-5.88026	-3.54643	-3.59823
1477010458100000	-9.41372	-6.07836	4.80918	3.92307	-0.3215	lidar	5.77698	-9.30811	-5.82368	-9.4827	-6.05868	-3.60261	-3.53503
1477010458150000	-9.61338	-6.24914	4.84837	3.95494	-0.221084	radar	0.916681	-9.80646	-6.41174	-9.66432	-6.23389	-3.6586	-3.46994
1477010458200000	-9.6886	-6.48441	4.83119	3.96395	-0.187719	lidar	0.874384	-9.62547	-6.55958	-9.84874	-6.4058	-3.71431	-3.40295
1477010458250000	-10.1182	-6.46056	4.96543	3.80891	-0.419728	radar	4.67762	-10.6688	-6.35543	-10.0359	-6.57431	-3.76969	-3.33404
1477010458300000	-10.1132	-6.82233	4.97702	3.88884	-0.289842	lidar	1.02115	-10.2246	-6.83402	-10.2259	-6.73933	-3.82463	-3.26321
1477010458350000	-10.4651	-6.79614	5.04063	3.79855	-0.375846	radar	0.982921	-10.2205	-6.71044	-10.4186	-6.90075	-3.87907	-3.19046
1477010458400000	-10.6015	-7.20042	5.28351	3.8212	-0.357841	lidar	2.56205	-10.7616	-7.29159	-10.614	-7.05849	-3.93293	-3.11577
1477010458450000	-10.9047	-7.02451	5.07643	3.71786	-0.438896	radar	0.491718	-10.8944	-6.83335	-10.8121	-7.21245	-3.98613	-3.03916
1477010458500000	-11.1069	-7.53176	5.47474	3.74546	-0.428416	lidar	1.13495	-11.2219	-7.56979	-11.0128	-7.36252	-4.03859	-2.96062
1477010458550000	-11.2582	-7.34562	5.01848	3.7184	-0.379643	radar	0.911339	-10.986	-7.3707	-11.2161	-7.50862	-4.09021	-2.88015
1477010458600000	-11.3596	-7.78756	4.99779	3.76781	-0.316872	lidar	6.278	-11.0934	-7.6776	-11.422	-7.65064	-4.14093	-2.79777
1477010458650000	-11.6495	-7.59449	4.97772	3.68252	-0.377699	radar	0.890267	-11.4213	-7.46085	-11.6304	-7.78849	-4.19066	-2.71349
1477010458700000	-11.6745	-7.9659	4.64532	3.71526	-0.358076	lidar	3.17882	-11.5269	-7.8215	-11.8413	-7.92208	-4.23932	-2.6273
1477010458750000	-12.0357	-7.8376	4.78788	3.64893	-0.3815	radar	0.963869	-11.9422	-7.88317	-12.0546	-8.05131	-4.28682	-2.53924
1477010458800000	-12.0828	-8.15092	4.59498	3.63772	-0.433891	lidar	0.344316	-12.09	-8.08828	-12.2702	-8.17609	-4.33309	-2.44932
1477010458850000	-12.4679	-8.09648	5.05964	3.63643	-0.327029	radar	2.07153	-12.4462	-8.02117	-12.4881	-8.29633	-4.37802	-2.35756
1477010458900000	-12.465	-8.31522	4.48401	3.57562	-0.468965	lidar	0.366543	-12.4231	-8.2599	-12.7082	-8.41193	-4.42156	-2.26399
1477010458950000	-12.885	-8.27228	4.83328	3.57763	-0.377867	radar	1.58235	-12.7461	-8.19449	-12.9304	-8.5228	-4.4636	-2.16863
1477010459000000	-13.0438	-8.54851	4.93878	3.50371	-0.507519	lidar	5.25746	-13.2911	-8.64594	-13.1547	-8.62886	-4.50407	-2.07151
1477010459050000	-13.3982	-8.44766	5.02815	3.52492	-0.377363	radar	2.32729	-13.7929	-8.47158	-13.381	-8.73002	-4.54289	-1.97267
1477010459100000	-13.4608	-8.64885	4.76712	3.42467	-0.561111	lidar	0.854319	-13.384	-8.57583	-13.6092	-8.82619	-4.57997	-1.87214
1477010459150000	-13.8666	-8.48212	4.80851	3.40107	-0.524558	radar	2.78612	-13.6376	-8.26344	-13.8392	-8.91729	-4.61524	-1.76997
1477010459200000	-13.9421	-8.87816	4.92057	3.44088	-0.429515	lidar	1.32725	-13.9959	-8.99264	-14.0709	-9.00324	-4.64861	-1.6662
1477010459250000	-14.3053	-8.74574	5.02424	3.46909	-0.302182	radar	2.61188	-14.4737	-8.79552	-14.3043	-9.08395	-4.68001	-1.56086
1477010459300000	-14.4117	-9.10102	4.99139	3.46144	-0.315658	lidar	0.685233	-14.4273	-9.1875	-14.5391	-9.15936	-4.70936	-1.45402
1477010459350000	-14.6958	-9.01398	4.87194	3.49682	-0.249419	radar	0.869964	-14.5757	-9.32634	-14.7754	-9.22939	-4.73658	-1.34573
1477010459400000	-14.9658	-9.13721	5.10331	3.33198	-0.489662	lidar	1.61043	-15.062	-9.04396	-15.013	-9.29397	-4.76161	-1.23603
1477010459450000	-15.167	-9.26087	4.89411	3.50293	-0.215418	radar	4.61332	-15.6189	-9.69365	-15.2517	-9.35302	-4.78436	-1.125
1477010459500000	-15.5377	-9.39463	5.39183	3.39269	-0.289638	lidar	3.83934	-15.6682	-9.56749	-15.4916	-9.40649	-4.80476	-1.01269
1477010459550000	-15.6564	-9.35278	4.75526	3.43027	-0.30536	radar	1.77735	-15.9382	-9.35751	-15.7324	-9.45431	-4.82275	-0.899159
1477010459600000	-16.0671	-9.56042	5.43869	3.39017	-0.241519	lidar	0.15491	-16.0862	-9.59819	-15.9741	-9.49642	-4.83827	-0.784484
1477010459650000	-16.2433	-9.253	4.83697	3.27376	-0.462906	radar	1.50174	-16.6033	-8.85459	-16.2164	-9.53277	-4.85124	-0.668734
1477010459700000	-16.5331	-9.52454	5.19357	3.26539	-0.42557	lidar	3.0008	-16.4229	-9.37029	-16.4594	-9.5633	-4.8616	-0.55198
1477010459750000	-16.614	-9.3609	4.72272	3.26142	-0.437272	radar	3.93022	-16.011	-9.33486	-16.7027	-9.58797	-4.8693	-0.434301
1477010459800000	-17.0769	-9.49875	5.23493	3.16452	-0.531743	lidar	0.553622	-17.1132	-9.43043	-16.9464	-9.60673	-4.87427	-0.315773
1477010459850000	-16.9421	-9.81185	4.63323	3.42166	-0.18463	radar	7.36542	-16.9255	-10.8571	-17.1903	-9.61954	-4.87646	-0.196479
1477010459900000	-17.5749	-9.53835	5.18953	3.14226	-0.475741	lidar	0.196297	-17.5448	-9.57485	-17.4342	-9.62636	-4.87583	-0.0765024
1477010459950000	-17.5059	-9.75541	4.66522	3.31151	-0.298077	radar	3.48629	-18.1371	-9.39146	-17.6781	-9.62717	-4.87232	0.0440703
1477010460000000	-18.0435	-9.47292	5.06371	3.05832	-0.544807	lidar	0.601454	-17.9724	-9.42299	-17.9216	-9.62194	-4.86588	0.165151
1477010460050000	-18.0572	-9.60893	4.68737	3.16277	-0.461871	radar	1.31689	-18.3083	-9.18778	-18.1648	-9.61064	-4.85648	0.286648
1477010460100000	-18.4366	-9.51696	4.78348	3.0744	-0.420072	lidar	2.69935	-18.2763	-9.60997	-18.4074	-9.59325	-4.84408	0.40847
1477010460150000	-18.4689	-9.68542	4.69727	3.18737	-0.335336	radar	1.1596	-18.2443	-9.58547	-18.6493	-9.56977	-4.82864	0.530522
1477010460200000	-18.9279	-9.49592	4.82715	3.04828	-0.390661	lidar	0.0878159	-18.9545	-9.51544	-18.8904	-9.54017	-4.81012	0.652707
1477010460250000	-18.9505	-9.5661	4.77871	3.11336	-0.355128	radar	3.18242	-18.6983	-9.02886	-19.1305	-9.50447	-4.78851	0.774927
1477010460300000	-19.359	-9.26551	4.74887	2.87611	-0.632716	lidar	2.8307	-19.2983	-9.09865	-19.3694	-9.46265	-4.76378	0.897083
1477010460350000	-19.5112	-9.28287	4.84614	2.93693	-0.557898	radar	1.74316	-19.7037	-8.79906	-19.6069	-9.41472	-4.73591	1.01907
1477010460400000	-19.8324	-9.04589	4.84286	2.75494	-0.735471	lidar	0.707629	-19.8731	-8.96417	-19.8431	-9.36071	-4.70487	1.1408
1477010460450000	-20.1086	-8.83981	5.11338	2.77699	-0.608108	radar	4.67135	-20.3815	-7.6755	-20.0775	-9.30061	-4.67066	1.26215
1477010460500000	-20.2483	-9.22188	4.51805	2.94978	-0.260688	lidar	12.8907	-20.1607	-9.59663	-20.3102	-9.23446	-4.63328	1.38303
1477010460550000	-20.5051	-8.94609	4.91541	2.84935	-0.445193	radar	3.15532	-20.4587	-9.7448	-20.5409	-9.16227	-4.59271	1.50334
1477010460600000	-20.6708	-9.02225	4.54739	2.84008	-0.409294	lidar	1.0375	-20.6596	-8.91527	-20.7696	-9.08409	-4.54895	1.62296
1477010460650000	-21.04	-8.70505	5.00493	2.77339	-0.484196	radar	2.39387	-21.5568	-8.5005	-20.9959	-8.99994	-4.50202	1.74179
1477010460700000	-21.0657	-8.86302	4.47716	2.78012	-0.443377	lidar	0.178233	-21.0195	-8.85081	-21.2198	-8.90987	-4.45191	1.85972
1477010460750000	-21.5278	-8.50852	5.01564	2.71153	-0.528394	radar	1.63685	-21.8628	-8.64129	-21.4412	-8.81393	-4.39865	1.97666
1477010460800000	-21.4933	-8.78407	4.4426	2.80443	-0.322553	lidar	0.695049	-21.5029	-8.87191	-21.6597	-8.71217	-4.34224	2.0925
1477010460850000	-21.9962	-8.04648	5.13987	2.54497	-0.727238	radar	2.95944	-21.9514	-7.41274	-21.8754	-8.60465	-4.2827	2.20712
1477010460900000	-21.9349	-8.60379	4.53425	2.75868	-0.345786	lidar	0.231787	-21.9793	-8.57089	-22.0881	-8.49143	-4.22007	2.32043
1477010460950000	-22.3861	-7.85221	5.03345	2.56907	-0.496439	radar	2.21639	-22.1914	-7.70392	-22.2975	-8.37258	-4.15437	2.43232
1477010461000000	-22.444	-8.39916	4.78817	2.72848	-0.336528	lidar	1.61283	-22.5838	-8.35296	-22.5035	-8.24817	-4.08564	2.5427
1477010461050000	-22.7154	-7.7825	4.80678	2.56073	-0.487935	radar	2.0355	-22.3177	-8.57758	-22.7061	-8.11829	-4.01391	2.65145
1477010461100000	-22.9004	-7.94009	5.10438	2.51455	-0.651683	lidar	6.71016	-22.9861	-7.6724	-22.9049	-7.98301	-3.93923	2.75848
1477010461150000	-23.075	-7.64868	4.61665	2.50312	-0.611295	radar	3.63696	-23.2693	-8.32031	-23.1	-7.84243	-3.86163	2.8637
1477010461200000	-23.3734	-7.60786	5.29519	2.46122	-0.626291	lidar	0.940835	-23.4777	-7.56583	-23.2911	-7.69663	-3.78118	2.967
1477010461250000	-23.4694	-7.33129	4.71566	2.49183	-0.430009	radar	1.82977	-23.473	-7.02103	-23.4781	-7.54572	-3.69792	3.06828
1477010461300000	-23.6751	-7.29692	5.04352	2.37918	-0.667257	lidar	1.64924	-23.5408	-7.36069	-23.6609	-7.3898	-3.61191	3.16746
1477010461350000	-23.873	-6.94015	4.83176	2.43572	-0.423142	radar	0.443227	-24.0505	-6.56968	-23.8393	-7.22897	-3.52321	3.26445
1477010461400000	-24.0066	-7.0873	4.76281	2.38799	-0.538509	lidar	2.7642	-23.9384	-7.26171	-24.0132	-7.06336	-3.43189	3.35916
1477010461450000	-24.2534	-6.45456	4.97102	2.33644	-0.521169	radar	0.903542	-24.3577	-5.94086	-24.1825	-6.89307	-3.33801	3.45149
1477010461500000	-24.286	-6.60099	4.91848	2.22198	-0.737479	lidar	2.46092	-24.2574	-6.4352	-24.347	-6.71823	-3.24166	3.54138
1477010461550000	-24.5685	-6.25444	4.81564	2.28419	-0.616341	radar	4.38703	-24.788	-7.18367	-24.5066	-6.53896	-3.14289	3.62873
1477010461600000	-24.458	-6.29357	4.55319	2.13595	-0.767448	lidar	3.37814	-24.3008	-6.43799	-24.6612	-6.35538	-3.0418	3.71347
1477010461650000	-24.8384	-5.90721	4.77009	2.22154	-0.625629	radar	0.546703	-24.6108	-6.00878	-24.8107	-6.16764	-2.93846	3.79553
1477010461700000	-24.8997	-5.93335	4.82557	2.20153	-0.505466	lidar	5.03405	-25.146	-5.91902	-24.955	-5.97587	-2.83295	3.87484
1477010461750000	-25.1076	-5.43376	4.84559	2.15704	-0.582808	radar	1.39805	-24.8975	-5.02285	-25.094	-5.7802	-2.72537	3.95132
1477010461800000	-25.1882	-5.58674	4.75091	2.18227	-0.45005	lidar	0.269745	-25.1941	-5.64372	-25.2276	-5.58079	-2.61581	4.02492
1477010461850000	-25.3867	-5.13184	4.7605	2.15491	-0.451791	radar	1.38383	-25.5328	-5.4399	-25.3556	-5.37777	-2.50435	4.09557
1477010461900000	-25.5027	-5.16047	4.90064	2.15466	-0.418114	lidar	0.607312	-25.5713	-5.10241	-25.4779	-5.1713	-2.39109	4.16322
1477010461950000	-25.5679	-5.1106	4.37109	2.1848	-0.340642	radar	5.86701	-25.0178	-6.55904	-25.5946	-4.96152	-2.27613	4.22781
1477010462000000	-25.7383	-4.8119	4.7321	2.12478	-0.397623	lidar	0.718928	-25.6952	-4.89995	-25.7055	-4.7486	-2.15956	4.2893
1477010462050000	-25.8146	-4.6816	4.43249	2.13821	-0.356001	radar	0.185266	-25.8162	-4.40681	-25.8105	-4.53268	-2.04149	4.34764
1477010462100000	-25.9575	-4.34457	4.84165	2.04666	-0.465254	lidar	0.495333	-25.9516	-4.26659	-25.9096	-4.31392	-1.92202	4.40279
1477010462150000	-26.0762	-4.30273	4.41011	2.03354	-0.620649	radar	11.3486	-26.8953	-4.43966	-26.0027	-4.0925	-1.80125	4.45471
1477010462200000	-26.1323	-3.80845	5.02908	1.93808	-0.573929	lidar	1.39768	-26.1198	-3.67723	-26.0897	-3.86856	-1.67928	4.50337
1477010462250000	-26.2635	-3.83342	4.50746	1.91039	-0.803757	radar	2.33613	-26.5652	-3.85723	-26.1706	-3.64227	-1.55623	4.54875
1477010462300000	-26.1432	-3.28495	4.98275	1.75979	-0.791455	lidar	2.10031	-25.9974	-3.24722	-26.2453	-3.41381	-1.4322	4.59081
1477010462350000	-26.383	-3.30904	4.61046	1.80377	-0.849822	radar	0.437219	-26.2976	-3.01078	-26.3138	-3.18332	-1.30729	4.62954
1477010462400000	-26.198	-2.82837	4.8883	1.67511	-0.804112	lidar	0.231466	-26.1741	-2.87885	-26.376	-2.95098	-1.18162	4.66493
1477010462450000	-26.4779	-3.00136	4.43609	1.76062	-0.760682	radar	0.818709	-26.4681	-3.44967	-26.4319	-2.71697	-1.05529	4.69696
1477010462500000	-26.4662	-2.51379	4.58361	1.7945	-0.453797	lidar	8.04864	-26.674	-2.73852	-26.4815	-2.48143	-0.928411	4.72562
1477010462550000	-26.588	-2.42646	4.5662	1.72379	-0.597271	radar	1.99755	-26.657	-1.72382	-26.5247	-2.24456	-0.80109	4.75091
1477010462600000	-26.6158	-2.11319	4.49891	1.79974	-0.364306	lidar	0.547743	-26.6691	-2.17333	-26.5616	-2.0065	-0.673434	4.77284
1477010462650000	-26.6419	-1.85007	4.68632	1.69001	-0.464809	radar	2.63712	-26.3248	-1.32261	-26.5921	-1.76744	-0.545553	4.79141
1477010462700000	-26.5853	-1.61234	4.59755	1.65993	-0.547978	lidar	1.78619	-26.4671	-1.53207	-26.6161	-1.52753	-0.417552	4.80664
1477010462750000	-26.6405	-1.55106	4.49444	1.61065	-0.596059	radar	1.60784	-26.4998	-2.19526	-26.6338	-1.28695	-0.289538	4.81852
1477010462800000	-26.6063	-1.15099	4.61022	1.599	-0.558755	lidar	0.00911522	-26.5998	-1.14277	-26.6451	-1.04586	-0.161616	4.8271
1477010462850000	-26.7009	-1.20965	4.38564	1.57397	-0.565003	radar	3.76447	-27.2008	-1.67679	-26.65	-0.804425	-0.0338883	4.83238
1477010462900000	-26.6709	-0.655352	4.72102	1.5904	-0.473486	lidar	0.632283	-26.7355	-0.59539	-26.6485	-0.562811	0.0935412	4.83439
1477010462950000	-26.7037	-0.617536	4.57919	1.49198	-0.651816	radar	2.13536	-26.9891	0.0351487	-26.6406	-0.321181	0.220572	4.83317
1477010463000000	-26.5573	-0.0860351	4.96777	1.45269	-0.630496	lidar	2.5753	-26.4553	0.0602653	-26.6264	-0.0796947	0.347104	4.82874
1477010463050000	-26.6769	-0.154357	4.60053	1.42556	-0.672297	radar	1.95456	-26.9537	0.136943	-26.6059	0.161489	0.473041	4.82116
1477010463100000	-26.556	0.471981	5.14087	1.44608	-0.527061	lidar	1.19483	-26.6201	0.57588	-26.5792	0.402213	0.598287	4.81045
1477010463150000	-26.6416	0.281173	4.54708	1.40128	-0.541176	radar	2.19886	-26.8241	0.381506	-26.5462	0.642323	0.722748	4.79667
1477010463200000	-26.6129	1.01312	5.20293	1.49447	-0.34578	lidar	1.47318	-26.7293	1.06082	-26.5069	0.881666	0.846334	4.77986
1477010463250000	-26.5412	0.737852	4.52514	1.39114	-0.365755	radar	4.90866	-25.9562	2.60409	-26.4616	1.12009	0.968955	4.76007
1477010463300000	-26.4749	1.48315	5.11203	1.3924	-0.467304	lidar	0.847901	-26.3986	1.42212	-26.4101	1.35745	1.09053	4.73737
1477010463350000	-26.4823	0.64543	3.9735	1.35678	-0.355257	radar	3.39501	-26.5072	-0.563928	-26.3526	1.59361	1.21096	4.71181
1477010463400000	-26.3628	1.90449	4.92296	1.33126	-0.495101	lidar	0.928914	-26.3594	1.79315	-26.2891	1.82841	1.33018	4.68345
1477010463450000	-26.365	1.25076	4.21783	1.29868	-0.436226	radar	1.14646	-26.3475	1.82827	-26.2197	2.06173	1.44811	4.65235
1477010463500000	-26.2388	2.29895	4.72633	1.27413	-0.511355	lidar	0.979302	-26.2502	2.18481	-26.1444	2.29342	1.56467	4.61859
1477010463550000	-26.2329	1.81701	4.36384	1.27616	-0.366207	radar	0.875558	-26.069	2.27896	-26.0633	2.52336	1.67979	4.58223
1477010463600000	-26.0786	2.76908	4.79586	1.2191	-0.517425	lidar	0.122867	-26.0641	2.80701	-25.9765	2.75141	1.79339	4.54334
1477010463650000	-26.0756	2.38894	4.55458	1.18399	-0.568517	radar	3.75547	-26.3234	3.02388	-25.8841	2.97746	1.90543	4.502
1477010463700000	-25.8751	3.29517	5.02203	1.16557	-0.517403	lidar	1.28049	-25.8345	3.42005	-25.7861	3.20139	2.01582	4.45828
1477010463750000	-25.9123	3.01318	4.76138	1.14542	-0.54703	radar	2.5523	-26.1824	3.73376	-25.6826	3.42306	2.12452	4.41227
1477010463800000	-25.6622	3.70101	4.91333	1.09861	-0.546506	lidar	0.330887	-25.6666	3.63509	-25.5737	3.64239	2.23146	4.36404
1477010463850000	-25.6958	3.37062	4.69277	1.08045	-0.563955	radar	0.394749	-25.5773	3.13316	-25.4596	3.85924	2.3366	4.31367
1477010463900000	-25.5835	4.08885	4.6549	1.13796	-0.381136	lidar	2.87505	-25.7492	3.99968	-25.3402	4.07353	2.43989	4.26125
1477010463950000	-25.4607	3.77493	4.67878	1.03105	-0.533379	radar	0.201635	-25.3516	3.75691	-25.2157	4.28514	2.54127	4.20686
1477010464000000	-25.2048	4.49943	4.83634	0.977243	-0.598918	lidar	2.96628	-25.0214	4.52803	-25.0863	4.49399	2.64071	4.15058
1477010464050000	-25.1378	4.21575	4.70846	0.99582	-0.429816	radar	9.17354	-24.2719	4.30917	-24.9518	4.69998	2.73817	4.09251
1477010464100000	-24.9788	4.89277	4.77516	0.954481	-0.533417	lidar	0.287423	-25.0363	4.88499	-24.8126	4.90303	2.83361	4.03273
1477010464150000	-24.8189	4.68562	4.8111	0.950037	-0.429813	radar	2.23857	-24.3609	4.95947	-24.6686	5.10304	2.92701	3.97132
1477010464200000	-24.6069	5.29732	4.95231	0.855249	-0.612811	lidar	1.06957	-24.5041	5.35293	-24.5201	5.29995	3.01833	3.90839
1477010464250000	-24.4989	5.08469	4.87724	0.865547	-0.564884	radar	0.934806	-24.4379	5.24592	-24.367	5.49367	3.10754	3.84401
1477010464300000	-24.1955	5.62841	5.01269	0.733782	-0.71956	lidar	0.591489	-24.1159	5.61152	-24.2095	5.68414	3.19464	3.77827
1477010464350000	-24.2187	5.29243	4.7286	0.778379	-0.64337	radar	1.62116	-24.5638	4.75836	-24.0477	5.8713	3.27959	3.71127
1477010464400000	-23.8611	5.95231	4.93846	0.689875	-0.670933	lidar	0.245303	-23.9153	5.94377	-23.8818	6.05508	3.36239	3.64309
1477010464450000	-23.8735	5.78531	4.72759	0.801262	-0.38252	radar	4.86581	-23.5491	6.44495	-23.7117	6.23542	3.44302	3.57383
1477010464500000	-23.5548	6.28038	4.83382	0.680414	-0.569626	lidar	0.73465	-23.6471	6.29102	-23.5377	6.41227	3.52148	3.50357
1477010464550000	-23.5552	6.21826	4.81115	0.792676	-0.329973	radar	1.1537	-23.7544	6.53746	-23.3598	6.58559	3.59775	3.4324
1477010464600000	-23.1163	6.69759	5.15653	0.666022	-0.488712	lidar	2.89249	-23.0099	6.86182	-23.1781	6.75533	3.67185	3.36041
1477010464650000	-23.1967	6.36852	4.63779	0.714207	-0.388628	radar	4.58988	-22.7862	5.74143	-22.9928	6.92146	3.74376	3.28768
1477010464700000	-22.7066	7.0316	5.20015	0.633064	-0.459593	lidar	0.084906	-22.6991	7.063	-22.804	7.08393	3.8135	3.21431
1477010464750000	-22.7774	6.68879	4.76041	0.640318	-0.496072	radar	2.10793	-22.418	6.76159	-22.6117	7.24273	3.88106	3.14038
1477010464800000	-22.384	7.33559	5.00578	0.636412	-0.371831	lidar	1.25371	-22.5083	7.31524	-22.4161	7.39782	3.94647	3.06598
1477010464850000	-22.2932	7.15816	5.11763	0.568659	-0.639235	radar	3.06982	-22.0543	7.85452	-22.2173	7.54917	4.00974	2.99118
1477010464900000	-22.0795	7.67041	4.86776	0.670126	-0.24421	lidar	1.18306	-22.1947	7.69478	-22.0154	7.69679	4.07087	2.91607
1477010464950000	-21.8045	7.82978	5.41023	0.641542	-0.364687	radar	7.09863	-21.6178	9.0351	-21.8105	7.84064	4.12989	2.84074
1477010465000000	-21.6734	7.95087	4.89322	0.62653	-0.278887	lidar	0.070101	-21.6473	7.94	-21.6026	7.98072	4.18681	2.76526
1477010465050000	-21.4328	8.07124	5.29961	0.602896	-0.355267	radar	1.57824	-21.8637	7.78661	-21.392	8.11703	4.24166	2.68971
1477010465100000	-21.1694	8.03079	4.81336	0.433949	-0.57718	lidar	4.2228	-21.0853	7.83229	-21.1787	8.24957	4.29447	2.61417
1477010465150000	-20.9223	8.62674	5.54527	0.646945	-0.200465	radar	2.65846	-20.5503	9.28616	-20.9628	8.37833	4.34526	2.53871
1477010465200000	-20.8829	8.37528	4.68014	0.534844	-0.293134	lidar	4.15615	-21.0519	8.50983	-20.7444	8.50333	4.39406	2.46341
1477010465250000	-20.3997	8.96554	5.61635	0.553527	-0.424307	radar	3.63187	-19.9265	9.40847	-20.5237	8.62457	4.4409	2.38835
1477010465300000	-20.3678	8.63319	4.96387	0.480313	-0.335973	lidar	2.09827	-20.21	8.68914	-20.3006	8.74206	4.48582	2.31358
1477010465350000	-19.9914	9.17906	5.43547	0.543672	-0.284829	radar	1.50183	-20.2277	8.8532	-20.0753	8.85583	4.52884	2.23919
1477010465400000	-19.9863	8.86709	4.84702	0.477159	-0.282167	lidar	0.466093	-20.0633	8.86724	-19.848	8.96589	4.57001	2.16524
1477010465450000	-19.6151	9.31384	5.21025	0.522654	-0.206598	radar	1.50237	-19.9264	8.78179	-19.6186	9.07227	4.60937	2.09179
1477010465500000	-19.5203	9.02159	4.85594	0.396556	-0.375868	lidar	0.387429	-19.4861	8.96665	-19.3873	9.17499	4.64694	2.01891
1477010465550000	-19.0446	9.71247	5.47974	0.48158	-0.325366	radar	2.61687	-18.5719	10.2069	-19.1542	9.27409	4.68278	1.94666
1477010465600000	-18.9053	9.17768	5.2209	0.290914	-0.494128	lidar	3.95972	-18.6786	9.19191	-18.9193	9.36959	4.71692	1.8751
1477010465650000	-18.6981	9.70493	5.1611	0.39515	-0.414533	radar	3.38088	-19.2825	8.98189	-18.6827	9.46154	4.7494	1.80429
1477010465700000	-18.4197	9.39416	5.25886	0.300285	-0.387673	lidar	0.514492	-18.4242	9.46852	-18.4446	9.54996	4.78028	1.73429
1477010465750000	-18.2514	9.64866	5.06126	0.261396	-0.624284	radar	7.3116	-18.1634	8.72444	-18.2049	9.63492	4.80959	1.66514
1477010465800000	-17.8656	9.62968	5.46091	0.311171	-0.295385	lidar	1.37642	-17.7736	9.72478	-17.9639	9.71643	4.83737	1.59691
1477010465850000	-17.7236	9.82923	4.97718	0.24442	-0.473967	radar	3.59745	-17.2296	9.97767	-17.7214	9.79457	4.86368	1.52964
1477010465900000	-17.3494	9.83684	5.49322	0.314916	-0.234576	lidar	0.183953	-17.3436	9.88109	-17.4777	9.86936	4.88856	1.46338
1477010465950000	-17.2117	10.0044	5.04617	0.21331	-0.452176	radar	0.196651	-17.1554	10.212	-17.2328	9.94087	4.91205	1.39818
1477010466000000	-16.8591	10.0786	5.47949	0.35012	-0.127101	lidar	0.503588	-16.8876	10.145	-16.9868	10.0091	4.93421	1.33408
1477010466050000	-16.7038	10.1238	5.05387	0.182521	-0.415117	radar	0.191986	-16.5958	10.1078	-16.7396	10.0743	4.95507	1.27113
1477010466100000	-16.4189	10.2937	5.32898	0.374172	-0.0589832	lidar	0.755551	-16.5153	10.3091	-16.4915	10.1362	4.97469	1.20937
1477010466150000	-16.1637	10.306	5.1522	0.173416	-0.36998	radar	0.415174	-16.09	10.5824	-16.2424	10.1952	4.99311	1.14883
1477010466200000	-15.9465	10.334	5.14803	0.274447	-0.231759	lidar	2.21815	-16.006	10.1843	-15.9924	10.2511	5.01039	1.08956
1477010466250000	-15.6632	10.4243	5.12494	0.170877	-0.283469	radar	0.363504	-15.7234	10.41	-15.7416	10.3041	5.02655	1.03159
1477010466300000	-15.4912	10.33	4.94684	0.168018	-0.386638	lidar	2.125	-15.5699	10.1904	-15.4899	10.3543	5.04166	0.974957
1477010466350000	-14.9995	10.5989	5.43949	0.114686	-0.426942	radar	6.00619	-14.2385	10.9109	-15.2376	10.4016	5.05576	0.919692
1477010466400000	-14.9791	10.4361	5.03273	0.148137	-0.350838	lidar	0.241495	-14.9365	10.4722	-14.9846	10.4462	5.06889	0.865828
1477010466450000	-14.5963	10.4896	5.03955	0.0966598	-0.226975	radar	7.57682	-14.724	9.63507	-14.7309	10.4882	5.0811	0.813394
1477010466500000	-14.4472	10.3565	5.05276	0.00444498	-0.550057	lidar	1.79583	-14.4088	10.222	-14.4766	10.5276	5.09243	0.762418
1477010466550000	-14.0666	10.545	5.0914	0.0714025	-0.241843	radar	0.329565	-13.9005	10.5238	-14.2218	10.5645	5.10293	0.712926
1477010466600000	-13.8956	10.6507	5.25824	0.168857	-0.144665	lidar	8.15503	-13.8049	10.9383	-13.9665	10.5989	5.11263	0.664944
1477010466650000	-13.5161	10.6872	5.10795	0.121385	-0.0726502	radar	1.34658	-13.3956	10.7857	-13.7107	10.631	5.12159	0.618496
1477010466700000	-13.3673	10.6378	5.26093	0.0835189	-0.27386	lidar	0.712904	-13.3556	10.5517	-13.4545	10.6608	5.12983	0.573603
1477010466750000	-13.0047	10.7297	5.13767	0.0793224	-0.168493	radar	0.410911	-12.9374	10.8137	-13.1979	10.6884	5.13741	0.530288
1477010466800000	-12.8964	10.8538	5.1776	0.187861	-0.0344476	lidar	2.64357	-12.9591	11.0099	-12.9409	10.7138	5.14436	0.48857
1477010466850000	-12.4089	10.9064	5.29221	0.113467	-0.100465	radar	1.00965	-12.2518	11.2495	-12.6836	10.7373	5.15071	0.448467
1477010466900000	-12.3767	10.7701	5.1528	0.0568191	-0.266395	lidar	2.43468	-12.3713	10.6091	-12.426	10.7587	5.15651	0.409997
1477010466950000	-11.8964	10.9625	5.26982	0.110252	-0.0750145	radar	0.0475832	-11.9352	10.9161	-12.1681	10.7783	5.16179	0.373177
1477010467000000	-11.9009	10.929	5.09549	0.1298	-0.0850116	lidar	1.56719	-11.9451	11.0515	-11.91	10.7961	5.16658	0.338022
1477010467050000	-11.311	11.0337	5.36567	0.0948621	-0.111455	radar	1.33974	-10.9703	10.9676	-11.6516	10.8121	5.17092	0.304546
1477010467100000	-11.4207	10.9662	5.03248	0.104439	-0.115816	lidar	0.143669	-11.4548	10.9407	-11.393	10.8265	5.17484	0.272761
1477010467150000	-10.9527	10.8133	5.11656	-0.085727	-0.494459	radar	7.54081	-11.3472	10.5111	-11.1342	10.8394	5.17836	0.242681
1477010467200000	-10.7886	10.8383	5.32856	-0.0446558	-0.36657	lidar	5.00283	-10.6009	10.6823	-10.8753	10.8509	5.18153	0.214317
1477010467250000	-10.5018	10.7533	4.96705	-0.125368	-0.442372	radar	0.705498	-10.6563	10.8369	-10.6161	10.8609	5.18435	0.187679
1477010467300000	-10.3225	10.8424	5.17278	-0.0529773	-0.316725	lidar	0.726298	-10.4142	10.8747	-10.3569	10.8697	5.18687	0.162776
1477010467350000	-9.98729	10.8289	4.78696	-0.0557948	-0.136678	radar	6.99478	-9.90413	11.2255	-10.0976	10.8772	5.1891	0.139618
1477010467400000	-9.81927	10.9631	5.14391	0.0271705	-0.112595	lidar	1.86053	-9.83445	11.1032	-9.83809	10.8837	5.19106	0.118212
1477010467450000	-9.69444	10.6596	4.49745	-0.124655	-0.194244	radar	2.64436	-10.195	10.3498	-9.57852	10.8891	5.19278	0.0985664
1477010467500000	-9.30777	11.006	5.14576	0.0387665	-0.0708523	lidar	0.0777129	-9.3066	11.0348	-9.31887	10.8936	5.19428	0.0806865
1477010467550000	-9.27162	10.5729	4.41798	-0.14232	-0.161798	radar	0.711534	-9.2226	10.3527	-9.05915	10.8972	5.19557	0.0645787
1477010467600000	-8.79391	11.0484	5.15456	0.0492089	-0.0388629	lidar	0.0478905	-8.78899	11.0707	-8.79937	10.9001	5.19667	0.050248
1477010467650000	-8.88751	10.4319	4.3014	-0.18281	-0.171359	radar	1.8352	-8.83914	10.0319	-8.53953	10.9023	5.19759	0.0376992
1477010467700000	-8.41677	10.8563	4.7959	-0.106626	-0.315175	lidar	6.72178	-8.62045	10.6577	-8.27965	10.9039	5.19835	0.0269359
1477010467750000	-8.26745	10.5653	4.57373	-0.0803428	0.00567228	radar	4.34647	-7.91543	11.1157	-8.01974	10.905	5.19896	0.0179617
1477010467800000	-7.77283	10.9032	5.22509	-0.0576272	-0.164979	lidar	5.64839	-7.51971	11.0005	-7.75979	10.9057	5.19942	0.0107791
1477010467850000	-7.66774	10.6295	4.7877	-0.0168553	0.0936496	radar	1.81033	-7.25987	10.6458	-7.49981	10.9061	5.19975	0.00539029
1477010467900000	-7.21565	10.8412	5.32957	-0.0929517	-0.198651	lidar	0.323406	-7.15631	10.815	-7.23983	10.9063	5.19994	0.00179692
1477010467950000	-7.18221	10.7037	4.8215	0.0407429	0.182238	radar	1.99915	-7.39396	11.0181	-6.97983	10.9064	5.2	-7.84874e-15
